>TGATTGGC	1-TGATTGGC	6.065743	-749.560262	0	T:3182.0(17.91%),B:2746.2(8.71%),P:1e-325	Tpos:100.3,Tstd:53.0,Bpos:89.5,Bstd:62.4,StrandBias:-0.0,Multiplicity:1.29
0.025	0.368	0.086	0.521
0.067	0.255	0.525	0.153
0.984	0.001	0.007	0.008
0.021	0.050	0.056	0.873
0.176	0.033	0.001	0.790
0.147	0.036	0.784	0.033
0.108	0.024	0.864	0.004
0.053	0.659	0.034	0.254
>YHGATWVS	2-YHGATWVS	4.606738	-699.389500	0	T:3849.0(21.67%),B:3708.5(11.76%),P:1e-303	Tpos:98.8,Tstd:54.6,Bpos:98.7,Bstd:59.4,StrandBias:-0.0,Multiplicity:1.07
0.070	0.375	0.212	0.343
0.277	0.247	0.084	0.393
0.055	0.203	0.718	0.024
0.809	0.001	0.090	0.100
0.245	0.108	0.084	0.563
0.465	0.053	0.068	0.414
0.326	0.212	0.347	0.115
0.236	0.343	0.395	0.026
>ACTCCGCC	3-ACTCCGCC	4.843457	-628.015963	0	T:5757.0(32.41%),B:6626.3(21.01%),P:1e-272	Tpos:99.8,Tstd:53.8,Bpos:90.9,Bstd:62.0,StrandBias:0.0,Multiplicity:1.61
0.840	0.001	0.158	0.001
0.001	0.626	0.001	0.372
0.001	0.372	0.001	0.626
0.150	0.848	0.001	0.001
0.001	0.997	0.001	0.001
0.007	0.001	0.991	0.001
0.001	0.997	0.001	0.001
0.001	0.997	0.001	0.001
>CCGGAAGT	4-CCGGAAGT	6.712828	-443.021376	0	T:1932.0(10.88%),B:1654.5(5.25%),P:1e-192	Tpos:100.4,Tstd:54.0,Bpos:93.7,Bstd:59.1,StrandBias:0.1,Multiplicity:1.23
0.128	0.608	0.154	0.110
0.014	0.851	0.121	0.014
0.023	0.017	0.935	0.025
0.094	0.043	0.776	0.087
0.849	0.049	0.013	0.089
0.878	0.059	0.001	0.062
0.292	0.070	0.465	0.173
0.143	0.140	0.076	0.641
>CGVCCWTT	5-CGVCCWTT	4.967264	-428.968002	0	T:6780.0(38.17%),B:8841.8(28.04%),P:1e-186	Tpos:99.7,Tstd:55.9,Bpos:98.8,Bstd:62.3,StrandBias:0.0,Multiplicity:1.22
0.001	0.786	0.001	0.212
0.036	0.052	0.911	0.001
0.278	0.322	0.325	0.076
0.234	0.557	0.134	0.075
0.279	0.706	0.014	0.001
0.401	0.097	0.001	0.501
0.257	0.080	0.128	0.535
0.018	0.001	0.001	0.980
>CSTTATCT	6-CSTTATCT	6.359515	-414.802579	0	T:1507.0(8.48%),B:1182.5(3.75%),P:1e-180	Tpos:100.1,Tstd:52.0,Bpos:99.7,Bstd:60.5,StrandBias:-0.2,Multiplicity:1.11
0.034	0.618	0.168	0.180
0.072	0.428	0.450	0.050
0.033	0.045	0.043	0.879
0.083	0.066	0.037	0.814
0.904	0.026	0.027	0.043
0.029	0.048	0.037	0.886
0.031	0.820	0.067	0.082
0.261	0.048	0.062	0.629
>TTACGCAA	7-TTACGCAA	4.912473	-321.433209	0	T:3342.0(18.81%),B:3849.8(12.21%),P:1e-139	Tpos:100.1,Tstd:54.4,Bpos:98.2,Bstd:63.3,StrandBias:-0.1,Multiplicity:1.13
0.036	0.088	0.053	0.823
0.052	0.039	0.208	0.701
0.672	0.069	0.126	0.133
0.033	0.830	0.037	0.100
0.138	0.093	0.699	0.070
0.060	0.795	0.068	0.077
0.733	0.104	0.088	0.075
0.748	0.061	0.093	0.098
>GTGACGTC	8-GTGACGTC	5.866463	-242.347275	0	T:2805.0(15.79%),B:3294.8(10.45%),P:1e-105	Tpos:98.4,Tstd:53.8,Bpos:95.3,Bstd:61.2,StrandBias:0.0,Multiplicity:1.12
0.139	0.132	0.681	0.048
0.032	0.071	0.028	0.869
0.115	0.198	0.610	0.077
0.917	0.015	0.038	0.030
0.029	0.883	0.056	0.032
0.113	0.162	0.660	0.065
0.059	0.051	0.015	0.875
0.177	0.507	0.186	0.130
>NTRTTKRC	9-NTRTTKRC	6.049217	-229.221095	0	T:3334.0(18.77%),B:4131.3(13.10%),P:1e-99	Tpos:100.3,Tstd:55.5,Bpos:99.0,Bstd:62.2,StrandBias:0.0,Multiplicity:1.19
0.181	0.313	0.195	0.311
0.002	0.001	0.066	0.931
0.446	0.001	0.552	0.001
0.112	0.001	0.038	0.849
0.001	0.001	0.001	0.997
0.090	0.001	0.441	0.468
0.475	0.001	0.472	0.052
0.215	0.568	0.001	0.216
>GCCCCACC	10-GCCCCACC	6.184011	-189.216548	0	T:4271.0(24.04%),B:5756.7(18.26%),P:1e-82	Tpos:99.5,Tstd:54.4,Bpos:97.5,Bstd:57.9,StrandBias:-0.0,Multiplicity:1.18
0.074	0.001	0.924	0.001
0.001	0.997	0.001	0.001
0.001	0.805	0.001	0.193
0.155	0.843	0.001	0.001
0.050	0.948	0.001	0.001
0.853	0.001	0.001	0.145
0.001	0.997	0.001	0.001
0.001	0.997	0.001	0.001
>TGACTCAT	11-TGACTCAT	7.203742	-130.890472	0	T:911.0(5.13%),B:916.6(2.91%),P:1e-56	Tpos:98.4,Tstd:52.9,Bpos:101.1,Bstd:58.8,StrandBias:0.0,Multiplicity:1.05
0.001	0.006	0.001	0.992
0.001	0.001	0.947	0.051
0.984	0.001	0.014	0.001
0.009	0.817	0.173	0.001
0.064	0.015	0.001	0.920
0.023	0.975	0.001	0.001
0.997	0.001	0.001	0.001
0.001	0.198	0.237	0.564
>TCACGTGA	12-TCACGTGA	7.837456	-106.073288	0	T:516.0(2.90%),B:456.6(1.45%),P:1e-46	Tpos:95.3,Tstd:54.1,Bpos:89.5,Bstd:60.7,StrandBias:0.0,Multiplicity:1.06
0.001	0.001	0.001	0.997
0.300	0.698	0.001	0.001
0.584	0.001	0.001	0.414
0.001	0.997	0.001	0.001
0.001	0.001	0.997	0.001
0.001	0.316	0.001	0.682
0.001	0.001	0.997	0.001
0.997	0.001	0.001	0.001
>GCATGCGC	13-GCATGCGC	8.494582	-91.465036	0	T:1247.0(7.02%),B:1500.5(4.76%),P:1e-39	Tpos:101.1,Tstd:54.7,Bpos:94.2,Bstd:63.4,StrandBias:0.0,Multiplicity:1.11
0.025	0.007	0.932	0.036
0.016	0.982	0.001	0.001
0.783	0.128	0.053	0.036
0.016	0.053	0.088	0.843
0.001	0.001	0.997	0.001
0.001	0.997	0.001	0.001
0.001	0.001	0.941	0.057
0.017	0.850	0.001	0.132
>AAAAAAAA	14-AAAAAAAA	2.399224	-82.123031	0	T:14435.0(81.26%),B:24409.5(77.41%),P:1e-35	Tpos:99.7,Tstd:58.9,Bpos:100.0,Bstd:62.4,StrandBias:0.0,Multiplicity:2.95
0.700	0.100	0.100	0.100
0.700	0.100	0.100	0.100
0.700	0.100	0.100	0.100
0.700	0.100	0.100	0.100
0.700	0.100	0.100	0.100
0.700	0.100	0.100	0.100
0.700	0.100	0.100	0.100
0.700	0.100	0.100	0.100
>AGAGTCCA	15-AGAGTCCA	7.110693	-47.161517	0	T:428.0(2.41%),B:467.5(1.48%),P:1e-20	Tpos:98.6,Tstd:51.6,Bpos:102.1,Bstd:59.6,StrandBias:0.4,Multiplicity:1.03
0.997	0.001	0.001	0.001
0.001	0.001	0.894	0.104
0.997	0.001	0.001	0.001
0.001	0.001	0.997	0.001
0.001	0.001	0.001	0.997
0.183	0.815	0.001	0.001
0.001	0.997	0.001	0.001
0.997	0.001	0.001	0.001
