>AGATAAGV	1-AGATAAGV	6.581198	-1458.181067	0	T:2323.0(17.26%),B:1675.1(4.69%),P:1e-633	Tpos:100.3,Tstd:51.9,Bpos:101.5,Bstd:61.4,StrandBias:0.0,Multiplicity:1.21
0.669	0.036	0.006	0.289
0.012	0.014	0.958	0.016
0.986	0.002	0.008	0.004
0.005	0.010	0.012	0.973
0.946	0.010	0.019	0.025
0.907	0.015	0.060	0.018
0.140	0.217	0.589	0.054
0.341	0.245	0.345	0.069
>ACTGATAR	2-ACTGATAR	2.609475	-902.027898	0	T:4211.0(31.29%),B:5885.7(16.46%),P:1e-391	Tpos:99.8,Tstd:54.6,Bpos:100.7,Bstd:63.0,StrandBias:-0.0,Multiplicity:1.23
0.538	0.022	0.257	0.183
0.120	0.732	0.025	0.123
0.269	0.280	0.001	0.451
0.001	0.001	0.997	0.001
0.997	0.001	0.001	0.001
0.001	0.001	0.001	0.997
0.997	0.001	0.001	0.001
0.533	0.001	0.465	0.001
>YCCGCCCW	3-YCCGCCCW	5.429714	-714.948219	0	T:8046.0(59.79%),B:15583.3(43.59%),P:1e-310	Tpos:99.8,Tstd:54.9,Bpos:97.7,Bstd:59.7,StrandBias:0.1,Multiplicity:1.54
0.186	0.328	0.012	0.474
0.102	0.845	0.018	0.035
0.040	0.891	0.048	0.021
0.083	0.023	0.820	0.074
0.058	0.889	0.034	0.019
0.053	0.844	0.033	0.070
0.044	0.797	0.049	0.110
0.443	0.247	0.013	0.296
>YGATTGGC	4-YGATTGGC	6.568820	-687.184501	0	T:2204.0(16.38%),B:2492.7(6.97%),P:1e-298	Tpos:102.0,Tstd:53.5,Bpos:88.1,Bstd:61.8,StrandBias:-0.0,Multiplicity:1.31
0.053	0.401	0.106	0.440
0.042	0.298	0.515	0.145
0.953	0.001	0.038	0.008
0.014	0.020	0.025	0.941
0.146	0.028	0.001	0.825
0.095	0.034	0.870	0.001
0.049	0.005	0.932	0.014
0.081	0.525	0.062	0.332
>GGCGGRGC	5-GGCGGRGC	6.921527	-654.755790	0	T:5378.0(39.96%),B:9193.8(25.72%),P:1e-284	Tpos:100.8,Tstd:53.9,Bpos:92.6,Bstd:60.6,StrandBias:-0.0,Multiplicity:1.67
0.001	0.001	0.997	0.001
0.001	0.001	0.997	0.001
0.001	0.671	0.001	0.327
0.001	0.001	0.973	0.025
0.001	0.001	0.589	0.409
0.419	0.001	0.524	0.056
0.187	0.069	0.652	0.092
0.104	0.591	0.001	0.304
>ATTGGVCR	6-ATTGGVCR	5.084899	-474.694202	0	T:2139.0(15.90%),B:2817.9(7.88%),P:1e-206	Tpos:97.1,Tstd:56.5,Bpos:97.0,Bstd:60.2,StrandBias:-0.0,Multiplicity:1.06
0.997	0.001	0.001	0.001
0.001	0.001	0.001	0.997
0.036	0.001	0.001	0.962
0.001	0.001	0.997	0.001
0.001	0.001	0.997	0.001
0.287	0.288	0.424	0.001
0.001	0.589	0.001	0.409
0.410	0.157	0.431	0.001
>ACTTCCGG	7-ACTTCCGG	7.560395	-338.403997	0	T:1194.0(8.87%),B:1385.5(3.88%),P:1e-146	Tpos:98.0,Tstd:54.1,Bpos:91.2,Bstd:56.9,StrandBias:-0.0,Multiplicity:1.16
0.724	0.024	0.189	0.063
0.013	0.908	0.024	0.055
0.023	0.001	0.001	0.975
0.001	0.001	0.001	0.997
0.001	0.997	0.001	0.001
0.001	0.997	0.001	0.001
0.001	0.012	0.945	0.042
0.006	0.152	0.806	0.036
>MCGSAAAR	8-MCGSAAAR	4.363958	-251.777225	0	T:5088.0(37.81%),B:10324.6(28.88%),P:1e-109	Tpos:101.3,Tstd:55.7,Bpos:99.1,Bstd:63.5,StrandBias:0.1,Multiplicity:1.27
0.307	0.443	0.249	0.001
0.001	0.997	0.001	0.001
0.001	0.001	0.997	0.001
0.001	0.388	0.463	0.148
0.841	0.001	0.001	0.157
0.997	0.001	0.001	0.001
0.458	0.001	0.303	0.238
0.275	0.164	0.394	0.167
>ATGACGTM	9-ATGACGTM	7.275795	-156.686838	0	T:771.0(5.73%),B:1028.4(2.88%),P:1e-68	Tpos:96.9,Tstd:53.7,Bpos:91.0,Bstd:62.1,StrandBias:-0.1,Multiplicity:1.05
0.623	0.149	0.227	0.001
0.001	0.116	0.001	0.882
0.055	0.036	0.868	0.041
0.997	0.001	0.001	0.001
0.063	0.935	0.001	0.001
0.001	0.001	0.997	0.001
0.001	0.261	0.188	0.550
0.523	0.387	0.089	0.001
>CCACACCC	10-CCACACCC	8.932252	-147.202969	0	T:1022.0(7.59%),B:1544.1(4.32%),P:1e-63	Tpos:97.8,Tstd:53.2,Bpos:100.0,Bstd:54.7,StrandBias:0.0,Multiplicity:1.06
0.359	0.522	0.118	0.001
0.001	0.997	0.001	0.001
0.997	0.001	0.001	0.001
0.001	0.997	0.001	0.001
0.997	0.001	0.001	0.001
0.001	0.997	0.001	0.001
0.001	0.997	0.001	0.001
0.001	0.997	0.001	0.001
>THTCGCGA	11-THTCGCGA	6.287393	-121.065256	0	T:720.0(5.35%),B:1030.2(2.88%),P:1e-52	Tpos:100.0,Tstd:55.8,Bpos:93.7,Bstd:64.0,StrandBias:-0.1,Multiplicity:1.06
0.045	0.001	0.001	0.953
0.313	0.238	0.102	0.347
0.399	0.001	0.001	0.599
0.048	0.950	0.001	0.001
0.001	0.001	0.950	0.048
0.001	0.817	0.001	0.181
0.041	0.001	0.850	0.108
0.653	0.079	0.081	0.187
>TTACGCAG	12-TTACGCAG	5.441674	-102.578053	0	T:1954.0(14.52%),B:3789.8(10.60%),P:1e-44	Tpos:98.3,Tstd:56.2,Bpos:100.1,Bstd:60.6,StrandBias:0.0,Multiplicity:1.08
0.043	0.076	0.120	0.761
0.138	0.079	0.146	0.637
0.822	0.008	0.101	0.069
0.056	0.839	0.066	0.039
0.130	0.049	0.632	0.189
0.033	0.820	0.053	0.094
0.828	0.065	0.046	0.061
0.117	0.101	0.662	0.120
>TTGTAGTT	13-TTGTAGTT	7.649942	-99.166901	0	T:423.0(3.14%),B:531.3(1.49%),P:1e-43	Tpos:101.2,Tstd:55.2,Bpos:93.2,Bstd:65.2,StrandBias:0.0,Multiplicity:1.07
0.116	0.001	0.001	0.882
0.001	0.099	0.001	0.899
0.001	0.001	0.997	0.001
0.001	0.001	0.001	0.997
0.997	0.001	0.001	0.001
0.001	0.001	0.997	0.001
0.001	0.001	0.001	0.997
0.001	0.312	0.001	0.686
>GCATGCGC	14-GCATGCGC	8.857269	-94.960188	0	T:934.0(6.94%),B:1559.4(4.36%),P:1e-41	Tpos:97.7,Tstd:53.2,Bpos:92.3,Bstd:61.9,StrandBias:-0.0,Multiplicity:1.14
0.025	0.001	0.967	0.007
0.001	0.995	0.001	0.003
0.722	0.176	0.043	0.059
0.047	0.057	0.123	0.773
0.006	0.010	0.978	0.006
0.001	0.997	0.001	0.001
0.001	0.023	0.927	0.049
0.031	0.906	0.001	0.062
>TGCGCACG	15-TGCGCACG	7.233204	-83.138707	0	T:517.0(3.84%),B:751.6(2.10%),P:1e-36	Tpos:104.4,Tstd:53.8,Bpos:96.1,Bstd:65.3,StrandBias:-0.1,Multiplicity:1.02
0.001	0.001	0.001	0.997
0.210	0.001	0.718	0.071
0.001	0.997	0.001	0.001
0.001	0.001	0.997	0.001
0.001	0.937	0.001	0.061
0.997	0.001	0.001	0.001
0.001	0.889	0.001	0.109
0.001	0.001	0.997	0.001
