>TGATTGGC	1-TGATTGGC	5.450227	-608.690547	0	T:5732.0(19.22%),B:3572.5(12.16%),P:1e-264	Tpos:101.1,Tstd:54.1,Bpos:94.5,Bstd:60.8,StrandBias:-0.0,Multiplicity:1.21
0.048	0.241	0.044	0.667
0.040	0.149	0.665	0.146
0.912	0.006	0.025	0.057
0.032	0.070	0.016	0.882
0.193	0.065	0.020	0.722
0.216	0.065	0.655	0.064
0.202	0.059	0.726	0.013
0.034	0.773	0.029	0.164
>TTACGCAA	2-TTACGCAA	5.302168	-580.428166	0	T:4774.0(16.00%),B:2850.1(9.70%),P:1e-252	Tpos:99.9,Tstd:54.8,Bpos:97.8,Bstd:62.1,StrandBias:0.0,Multiplicity:1.13
0.037	0.022	0.056	0.885
0.041	0.029	0.204	0.726
0.517	0.040	0.226	0.217
0.104	0.739	0.040	0.117
0.240	0.041	0.693	0.026
0.075	0.805	0.024	0.096
0.770	0.112	0.068	0.050
0.867	0.032	0.036	0.065
>GGGCGGGG	3-GGGCGGGG	5.153818	-553.647103	0	T:9462.0(31.72%),B:6845.9(23.31%),P:1e-240	Tpos:100.4,Tstd:54.2,Bpos:91.9,Bstd:60.2,StrandBias:-0.0,Multiplicity:1.71
0.105	0.001	0.893	0.001
0.001	0.001	0.997	0.001
0.001	0.001	0.997	0.001
0.001	0.997	0.001	0.001
0.001	0.001	0.997	0.001
0.001	0.001	0.924	0.074
0.224	0.001	0.774	0.001
0.123	0.001	0.840	0.036
>AGATAASG	4-AGATAASG	6.322947	-533.822099	0	T:2555.0(8.57%),B:1252.0(4.26%),P:1e-231	Tpos:99.5,Tstd:53.3,Bpos:100.1,Bstd:58.5,StrandBias:-0.0,Multiplicity:1.09
0.640	0.088	0.052	0.220
0.031	0.072	0.851	0.046
0.889	0.027	0.027	0.057
0.028	0.025	0.045	0.902
0.854	0.028	0.065	0.053
0.851	0.034	0.090	0.025
0.078	0.455	0.382	0.085
0.204	0.177	0.560	0.059
>CTGTTTAC	5-CTGTTTAC	5.447794	-513.235155	0	T:5242.0(17.57%),B:3322.4(11.31%),P:1e-222	Tpos:100.2,Tstd:55.1,Bpos:100.2,Bstd:60.6,StrandBias:0.0,Multiplicity:1.17
0.086	0.689	0.118	0.107
0.018	0.019	0.013	0.950
0.024	0.001	0.974	0.001
0.010	0.001	0.001	0.988
0.009	0.001	0.035	0.955
0.035	0.001	0.055	0.909
0.829	0.001	0.169	0.001
0.028	0.832	0.001	0.139
>CCGGAAGT	6-CCGGAAGT	7.062969	-495.568968	0	T:2281.0(7.65%),B:1098.0(3.74%),P:1e-215	Tpos:101.3,Tstd:54.0,Bpos:95.8,Bstd:56.3,StrandBias:0.0,Multiplicity:1.18
0.147	0.647	0.141	0.065
0.060	0.793	0.123	0.024
0.038	0.018	0.914	0.030
0.101	0.044	0.811	0.044
0.843	0.018	0.108	0.031
0.865	0.042	0.026	0.067
0.319	0.067	0.510	0.104
0.126	0.150	0.105	0.619
>ANAGGTCA	7-ANAGGTCA	5.307475	-395.439145	0	T:10764.0(36.08%),B:8398.7(28.60%),P:1e-171	Tpos:100.1,Tstd:55.0,Bpos:100.5,Bstd:57.3,StrandBias:-0.0,Multiplicity:1.32
0.613	0.109	0.162	0.116
0.296	0.200	0.222	0.281
0.802	0.034	0.099	0.065
0.001	0.090	0.888	0.021
0.035	0.001	0.757	0.207
0.099	0.181	0.140	0.580
0.001	0.930	0.001	0.068
0.912	0.001	0.086	0.001
>AACCGGAA	8-AACCGGAA	5.211346	-299.018979	0	T:5429.0(18.20%),B:3879.4(13.21%),P:1e-129	Tpos:101.7,Tstd:56.7,Bpos:100.6,Bstd:61.3,StrandBias:-0.0,Multiplicity:1.11
0.731	0.060	0.118	0.091
0.730	0.065	0.114	0.091
0.172	0.588	0.105	0.135
0.029	0.825	0.138	0.008
0.012	0.098	0.875	0.015
0.151	0.073	0.732	0.044
0.762	0.056	0.089	0.093
0.760	0.030	0.124	0.086
>GTMACGTS	9-GTMACGTS	4.323496	-286.735281	0	T:3398.0(11.39%),B:2205.5(7.51%),P:1e-124	Tpos:100.4,Tstd:54.6,Bpos:95.4,Bstd:65.6,StrandBias:0.0,Multiplicity:1.11
0.257	0.121	0.478	0.144
0.205	0.223	0.066	0.506
0.296	0.372	0.222	0.111
0.658	0.001	0.151	0.190
0.115	0.596	0.047	0.242
0.184	0.119	0.601	0.096
0.176	0.244	0.117	0.463
0.229	0.261	0.383	0.128
>TGACTCAT	10-TGACTCAT	7.271877	-251.604197	0	T:1460.0(4.89%),B:763.6(2.60%),P:1e-109	Tpos:100.9,Tstd:53.3,Bpos:96.4,Bstd:58.3,StrandBias:0.0,Multiplicity:1.04
0.001	0.014	0.001	0.984
0.027	0.001	0.908	0.064
0.988	0.010	0.001	0.001
0.001	0.818	0.180	0.001
0.016	0.001	0.050	0.933
0.001	0.994	0.001	0.004
0.987	0.001	0.011	0.001
0.011	0.235	0.134	0.620
>TATTGATT	11-TATTGATT	7.826327	-243.050886	0	T:638.0(2.14%),B:230.5(0.78%),P:1e-105	Tpos:94.7,Tstd:56.2,Bpos:103.2,Bstd:61.3,StrandBias:0.0,Multiplicity:1.01
0.001	0.109	0.001	0.889
0.997	0.001	0.001	0.001
0.001	0.001	0.001	0.997
0.001	0.147	0.001	0.851
0.001	0.001	0.997	0.001
0.997	0.001	0.001	0.001
0.001	0.001	0.001	0.997
0.082	0.297	0.001	0.620
>GGGTGGAG	12-GGGTGGAG	8.990803	-191.582582	0	T:4875.0(16.34%),B:3666.1(12.48%),P:1e-83	Tpos:100.0,Tstd:54.4,Bpos:95.8,Bstd:53.8,StrandBias:-0.0,Multiplicity:1.19
0.001	0.001	0.997	0.001
0.001	0.001	0.997	0.001
0.001	0.001	0.997	0.001
0.338	0.001	0.001	0.660
0.001	0.001	0.997	0.001
0.001	0.001	0.997	0.001
0.809	0.001	0.189	0.001
0.001	0.001	0.997	0.001
>CGCATGCG	13-CGCATGCG	7.817926	-102.546739	0	T:1982.0(6.64%),B:1411.4(4.81%),P:1e-44	Tpos:103.6,Tstd:55.4,Bpos:95.6,Bstd:65.9,StrandBias:-0.1,Multiplicity:1.19
0.086	0.912	0.001	0.001
0.001	0.015	0.968	0.016
0.001	0.997	0.001	0.001
0.997	0.001	0.001	0.001
0.075	0.103	0.334	0.489
0.001	0.001	0.981	0.017
0.001	0.958	0.001	0.040
0.001	0.001	0.997	0.001
>TCAATATT	14-TCAATATT	8.227901	-99.763580	0	T:584.0(1.96%),B:306.1(1.04%),P:1e-43	Tpos:101.1,Tstd:55.1,Bpos:97.4,Bstd:58.2,StrandBias:0.0,Multiplicity:1.04
0.001	0.409	0.001	0.589
0.286	0.590	0.123	0.001
0.863	0.135	0.001	0.001
0.863	0.001	0.135	0.001
0.001	0.001	0.001	0.997
0.867	0.131	0.001	0.001
0.001	0.001	0.131	0.867
0.123	0.001	0.001	0.875
>TCTCGCGA	15-TCTCGCGA	8.965588	-54.160601	0	T:258.0(0.86%),B:126.2(0.43%),P:1e-23	Tpos:103.6,Tstd:53.4,Bpos:92.8,Bstd:67.4,StrandBias:0.1,Multiplicity:1.05
0.001	0.001	0.001	0.997
0.080	0.797	0.122	0.001
0.001	0.001	0.001	0.997
0.001	0.997	0.001	0.001
0.001	0.001	0.997	0.001
0.001	0.997	0.001	0.001
0.001	0.001	0.997	0.001
0.997	0.001	0.001	0.001
