>AGATAAGV	1-AGATAAGV	6.761995	-2254.447569	0	T:3902.0(17.88%),B:1435.7(5.19%),P:1e-979	Tpos:100.5,Tstd:50.9,Bpos:102.0,Bstd:60.4,StrandBias:0.1,Multiplicity:1.19
0.667	0.032	0.011	0.290
0.022	0.007	0.950	0.021
0.983	0.010	0.004	0.003
0.017	0.005	0.003	0.975
0.946	0.004	0.020	0.030
0.911	0.004	0.064	0.021
0.144	0.230	0.603	0.023
0.350	0.252	0.338	0.060
>CCYTATCT	2-CCYTATCT	4.046388	-1397.100346	0	T:6547.0(29.99%),B:4347.3(15.73%),P:1e-606	Tpos:101.0,Tstd:54.0,Bpos:100.9,Bstd:61.7,StrandBias:0.0,Multiplicity:1.20
0.181	0.462	0.200	0.157
0.328	0.568	0.103	0.001
0.001	0.447	0.001	0.551
0.029	0.001	0.001	0.969
0.997	0.001	0.001	0.001
0.001	0.001	0.001	0.997
0.001	0.997	0.001	0.001
0.210	0.001	0.152	0.637
>CCCCGCCC	3-CCCCGCCC	5.173948	-922.474331	0	T:10576.0(48.45%),B:9492.3(34.34%),P:1e-400	Tpos:100.6,Tstd:53.8,Bpos:94.5,Bstd:58.9,StrandBias:-0.0,Multiplicity:1.85
0.038	0.876	0.001	0.085
0.028	0.807	0.001	0.164
0.086	0.912	0.001	0.001
0.001	0.997	0.001	0.001
0.072	0.001	0.926	0.001
0.001	0.997	0.001	0.001
0.001	0.997	0.001	0.001
0.001	0.893	0.001	0.105
>CTWATCAG	4-CTWATCAG	7.053844	-746.236186	0	T:2112.0(9.68%),B:1042.9(3.77%),P:1e-324	Tpos:102.4,Tstd:54.3,Bpos:99.7,Bstd:59.1,StrandBias:-0.1,Multiplicity:1.04
0.029	0.521	0.199	0.251
0.186	0.122	0.001	0.691
0.510	0.001	0.001	0.488
0.997	0.001	0.001	0.001
0.112	0.001	0.001	0.886
0.001	0.997	0.001	0.001
0.717	0.001	0.241	0.041
0.011	0.005	0.983	0.001
>WCCGCCTW	5-WCCGCCTW	5.969237	-650.787398	0	T:10292.0(47.15%),B:9754.2(35.29%),P:1e-282	Tpos:100.4,Tstd:55.6,Bpos:99.3,Bstd:59.7,StrandBias:-0.0,Multiplicity:1.16
0.415	0.181	0.001	0.403
0.001	0.997	0.001	0.001
0.238	0.728	0.001	0.033
0.001	0.086	0.912	0.001
0.001	0.997	0.001	0.001
0.054	0.802	0.143	0.001
0.201	0.242	0.001	0.556
0.310	0.266	0.001	0.423
>YGATTGGC	6-YGATTGGC	6.065308	-578.733445	0	T:3131.0(14.34%),B:2097.6(7.59%),P:1e-251	Tpos:99.9,Tstd:54.2,Bpos:89.8,Bstd:59.8,StrandBias:-0.0,Multiplicity:1.26
0.091	0.441	0.061	0.408
0.033	0.179	0.627	0.161
0.905	0.001	0.034	0.060
0.010	0.013	0.033	0.944
0.130	0.026	0.009	0.835
0.117	0.049	0.822	0.012
0.071	0.043	0.844	0.042
0.042	0.617	0.058	0.283
>ACTTCCGG	7-ACTTCCGG	7.087498	-388.367897	0	T:1905.0(8.73%),B:1213.0(4.39%),P:1e-168	Tpos:100.6,Tstd:54.2,Bpos:93.3,Bstd:57.8,StrandBias:-0.1,Multiplicity:1.20
0.535	0.110	0.193	0.162
0.157	0.471	0.055	0.318
0.044	0.047	0.044	0.865
0.110	0.001	0.038	0.851
0.082	0.831	0.011	0.076
0.020	0.941	0.038	0.001
0.001	0.068	0.893	0.038
0.079	0.165	0.615	0.141
>GTCACTCC	8-GTCACTCC	5.533477	-282.259354	0	T:6730.0(30.83%),B:6585.7(23.83%),P:1e-122	Tpos:98.8,Tstd:54.8,Bpos:99.0,Bstd:58.7,StrandBias:0.1,Multiplicity:1.16
0.001	0.059	0.939	0.001
0.001	0.125	0.001	0.873
0.001	0.864	0.134	0.001
0.884	0.072	0.019	0.025
0.036	0.922	0.016	0.026
0.100	0.020	0.094	0.786
0.019	0.837	0.050	0.094
0.071	0.912	0.016	0.001
>CGCGWAAT	9-CGCGWAAT	4.350760	-205.137595	0	T:3887.0(17.81%),B:3600.0(13.02%),P:1e-89	Tpos:99.7,Tstd:56.4,Bpos:100.5,Bstd:62.9,StrandBias:0.0,Multiplicity:1.09
0.214	0.445	0.162	0.179
0.173	0.075	0.714	0.038
0.001	0.797	0.201	0.001
0.007	0.363	0.515	0.115
0.432	0.205	0.010	0.353
0.537	0.127	0.084	0.252
0.556	0.004	0.153	0.287
0.217	0.155	0.172	0.456
>CACGTSAY	10-CACGTSAY	6.230767	-190.707648	0	T:1127.0(5.16%),B:764.3(2.77%),P:1e-82	Tpos:101.8,Tstd:53.7,Bpos:88.7,Bstd:62.2,StrandBias:0.1,Multiplicity:1.09
0.097	0.465	0.198	0.240
0.617	0.014	0.259	0.110
0.072	0.871	0.035	0.022
0.031	0.001	0.867	0.101
0.112	0.234	0.016	0.638
0.177	0.382	0.296	0.145
0.835	0.075	0.034	0.056
0.095	0.413	0.133	0.359
>MATSCGHA	11-MATSCGHA	4.566158	-190.060115	0	T:3824.0(17.52%),B:3575.1(12.93%),P:1e-82	Tpos:99.9,Tstd:55.6,Bpos:100.1,Bstd:61.1,StrandBias:0.1,Multiplicity:1.08
0.443	0.348	0.001	0.207
0.458	0.173	0.149	0.219
0.359	0.001	0.001	0.639
0.196	0.242	0.367	0.195
0.001	0.793	0.001	0.205
0.001	0.001	0.877	0.121
0.230	0.371	0.143	0.257
0.552	0.001	0.143	0.304
>CGCATGCG	12-CGCATGCG	9.079100	-185.572950	0	T:1260.0(5.77%),B:896.7(3.24%),P:1e-80	Tpos:99.8,Tstd:53.4,Bpos:89.2,Bstd:60.9,StrandBias:-0.0,Multiplicity:1.14
0.046	0.952	0.001	0.001
0.001	0.011	0.971	0.017
0.001	0.997	0.001	0.001
0.765	0.001	0.001	0.233
0.001	0.060	0.294	0.645
0.001	0.001	0.997	0.001
0.001	0.972	0.001	0.026
0.001	0.001	0.997	0.001
>TTGCGTCA	13-TTGCGTCA	5.730327	-177.862207	0	T:2609.0(11.95%),B:2284.3(8.26%),P:1e-77	Tpos:98.5,Tstd:56.3,Bpos:96.3,Bstd:59.6,StrandBias:-0.1,Multiplicity:1.07
0.092	0.140	0.137	0.631
0.099	0.046	0.086	0.769
0.162	0.136	0.661	0.041
0.249	0.694	0.023	0.034
0.007	0.062	0.899	0.032
0.115	0.067	0.054	0.764
0.093	0.761	0.104	0.042
0.824	0.014	0.075	0.087
>TATCGCGA	14-TATCGCGA	7.456182	-103.382014	0	T:363.0(1.66%),B:199.0(0.72%),P:1e-44	Tpos:96.5,Tstd:54.8,Bpos:90.4,Bstd:64.2,StrandBias:-0.1,Multiplicity:1.05
0.048	0.001	0.001	0.950
0.619	0.213	0.122	0.046
0.327	0.001	0.001	0.671
0.084	0.745	0.170	0.001
0.035	0.001	0.865	0.099
0.001	0.800	0.057	0.142
0.163	0.001	0.820	0.016
0.944	0.001	0.025	0.030
>AAAAAAAA	15-AAAAAAAA	2.399224	-72.996710	0	T:18153.0(83.17%),B:22122.7(80.04%),P:1e-31	Tpos:99.6,Tstd:59.2,Bpos:99.5,Bstd:59.6,StrandBias:0.0,Multiplicity:3.18
0.700	0.100	0.100	0.100
0.700	0.100	0.100	0.100
0.700	0.100	0.100	0.100
0.700	0.100	0.100	0.100
0.700	0.100	0.100	0.100
0.700	0.100	0.100	0.100
0.700	0.100	0.100	0.100
0.700	0.100	0.100	0.100
